64;
49;
53;
27;
28;
70;
2;
69;
74;
64;
5;
38;
78;
72;
34;
87;
79;
6;
86;
33;
48;
70;
5;
54;
43;
27;
57;
59;
24;
26;
75;
75;
54;
89;
82;
21;
63;
89;
22;
49;
10;
90;
61;
2;
52;
10;
10;
72;
26;
5;
27;
35;
28;
86;
89;
37;
26;
15;
15;
59;
37;
38;
65;
30;
57;
19;
17;
53;
8;
42;
82;
24;
71;
35;
27;
83;
57;
57;
39;
9;
51;
63;
83;
76;
3;
49;
83;
39;
62;
46;
47;
42;
32;
37;
25;
6;
22;
89;
6;
36;
33;
45;
15;
43;
24;
57;
49;
15;
85;
59;
46;
36;
10;
71;
42;
68;
54;
75;
2;
19;
7;
10;
30;
12;
1;
49;
60;
49;
75;
8;
18;
62;
41;
33;
14;
64;
84;
48;
9;
69;
37;
42;
45;
19;
30;
9;
54;
16;
84;
9;
40;
25;
79;
68;
25;
61;
24;
9;
3;
30;
72;
27;
22;
44;
23;
31;
5;
44;
19;
78;
53;
68;
84;
30;
49;
8;
58;
37;
87;
11;
84;
56;
32;
14;
44;
20;
90;
12;
3;
32;
50;
84;
49;
37;
77;
75;
61;
65;
90;
31;
45;
38;
63;
17;
39;
49;
74;
49;
39;
46;
21;
56;
45;
62;
80;
34;
28;
27;
14;
48;
21;
53;
33;
79;
44;
18;
62;
68;
56;
71;
15;
73;
19;
87;
6;
6;
72;
35;
42;
11;
11;
16;
5;
65;
48;
51;
20;
43;
68;
68;
36;
82;
68;
8;
58;
65;
2;
39;
37;
25;
89;
73;
63;
38;
67;
25;
33;
40;
86;
11;
59;
32;
10;
17;
7;
39;
87;
49;
45;
88;
20;
35;
36;
26;
46;
13;
47;
87;
51;
82;
60;
40;
63;
6;
69;
64;
45;
14;
21;
30;
71;
5;
47;
69;
73;
30;
88;
73;
61;
82;
79;
38;
12;
86;
72;
63;
37;
2;
16;
15;
46;
37;
10;
25;
58;
77;
45;
17;
81;
34;
30;
70;
20;
41;
22;
80;
55;
34;
36;
78;
53;
84;
47;
30;
79;
24;
24;
17;
32;
1;
67;
76;
26;
64;
37;
74;
67;
40;
8;
37;
31;
64;
29;
72;
14;
54;
87;
22;
85;
11;
89;
57;
54;
82;
52;
23;
78;
7;
40;
69;
23;
35;
36;
48;
25;
53;
19;
8;
81;
11;
59;
82;
21;
86;
77;
40;
45;
70;
76;
35;
18;
30;
38;
14;
56;
9;
19;
63;
46;
17;
90;
43;
1;
39;
26;
68;
81;
74;
16;
10;
1;
14;
34;
17;
89;
79;
53;
66;
14;
24;
3;
75;
71;
72;
30;
41;
50;
73;
51;
19;
19;
33;
52;
31;
48;
39;
52;
5;
50;
19;
87;
84;
90;
76;
37;
73;
90;
24;
16;
63;
2;
31;
63;
10;
10;
27;
36;
51;
28;
27;
73;
28;
34;
37;
76;
37;
66;
60;
37;
86;
59;
47;
21;
53;
68;
42;
82;
26;
61;
81;
26;
34;
2;
27;
89;
69;
53;
55;
25;
46;
72;
78;
9;
49;
38;
7;
41;
63;
45;
37;
86;
89;
54;
48;
56;
9;
17;
26;
2;
14;
38;
50;
51;
71;
4;
37;
6;
29;
55;
47;
54;
30;
82;
70;
52;
39;
66;
15;
6;
22;
69;
86;
32;
62;
72;
4;
72;
44;
19;
55;
82;
86;
59;
2;
60;
87;
1;
86;
7;
27;
53;
73;
4;
5;
51;
29;
38;
46;
67;
41;
30;
7;
37;
52;
69;
53;
59;
73;
38;
72;
65;
63;
66;
18;
70;
7;
23;
86;
74;
20;
17;
22;
84;
24;
24;
65;
60;
70;
69;
28;
75;
65;
81;
21;
33;
50;
33;
19;
53;
57;
13;
6;
58;
76;
58;
39;
17;
45;
88;
70;
35;
44;
50;
61;
4;
59;
81;
31;
11;
39;
70;
33;
38;
68;
40;
65;
46;
16;
26;
8;
89;
26;
56;
28;
77;
29;
72;
16;
28;
7;
45;
41;
54;
3;
29;
13;
30;
69;
57;
87;
75;
50;
55;
18;
82;
29;
55;
54;
70;
65;
62;
69;
24;
50;
46;
51;
26;
38;
32;
88;
47;
53;
42;
3;
34;
13;
59;
14;
18;
34;
9;
56;
64;
40;
38;
31;
64;
20;
4;
80;
4;
42;
67;
68;
75;
19;
43;
79;
75;
37;
42;
32;
23;
73;
49;
49;
57;
8;
64;
24;
6;
25;
87;
30;
59;
33;
34;
30;
20;
20;
39;
56;
22;
62;
54;
55;
8;
5;
14;
23;
36;
53;
26;
76;
81;
48;
35;
1;
23;
15;
59;
89;
29;
22;
80;
12;
52;
55;
55;
63;
77;
9;
36;
75;
25;
62;
36;
76;
39;
76;
20;
66;
81;
20;
89;
87;
79;
48;
59;
42;
15;
58;
56;
77;
34;
5;
46;
5;
34;
41;
27;
88;
2;
59;
56;
48;
3;
65;
29;
89;
27;
33;
29;
32;
22;
54;
64;
25;
52;
52;
90;
84;
23;
73;
70;
37;
57;
45;
45;
12;
88;
16;
54;
62;
10;
59;
67;
71;
39;
8;
45;
52;
6;
38;
11;
14;
29;
90;
55;
25;
38;
43;
6;
42;
40;
86;
25;
16;
46;
31;
47;
36;
24;
7;
58;
33;
50;
80;
39;
54;
35;
6;
10;
14;
14;
69;
24;
13;
4;
63;
77;
47;
73;
89;
48;
7;
57;
30;
26;
62;
37;
35;
19;
79;
14;
37;
55;
50;
66;
12;
30;
1;
71;
83;
27;
21;
86;
18;
38;
33;
30;
89;
53;
48;
13;
81;
3;
72;
65;
22;
85;
43;
66;
36;
21;
55;
50;
42;
59;
69;
6;
15;
10;
5;
50;
87;
21;
32;
81;
44;
21;
77;
7;
12;
87;
76;
75;
90;
22;
60;
57;
88;
38;
6;
80;
15;
23;
55;
33;
48;
83;
50;
87;
69;
37;
69;
52;
41;
5;
4;
33;
38;
33;
57;
17;
40;
15;
88;
25;
6;
73;
64;
23;
72;
79;
89;
25;
42;
83;
84;
46;
80;
52;
38;
74;
66;
81;
14;
70;
60;
83;
76;
70;
70;
43;
67;
51;
15;
29;
43;
